image_width: 1280
image_height: 720
camera_name: camera
camera_matrix:
  rows: 3
  cols: 3
  data: [790.214502, 0.000000, 625.313931, 0.000000, 788.742088, 366.669916, 0.000000, 0.000000, 1.000000]
distortion_model: plumb_bob
distortion_coefficients:
  rows: 1
  cols: 5
  data: [0.126872, -0.187989, 0.001371, -0.001392, 0.000000]
rectification_matrix:
  rows: 3
  cols: 3
  data: [1.000000, 0.000000, 0.000000, 0.000000, 1.000000, 0.000000, 0.000000, 0.000000, 1.000000]
projection_matrix:
  rows: 3
  cols: 4
  data: [791.667053, 0.000000, 620.063573, 0.000000, 0.000000, 806.379822, 367.474911, 0.000000, 0.000000, 0.000000, 1.000000, 0.000000]
