image_width: 640
image_height: 480
camera_name: camera
camera_matrix:
  rows: 3
  cols: 3
  data: [500.037168, 0.000000, 314.409360, 0.000000, 498.389925, 244.955880, 0.000000, 0.000000, 1.000000]
distortion_model: plumb_bob
distortion_coefficients:
  rows: 1
  cols: 5
  data: [0.178534, -0.281610, 0.001186, 0.004265, 0.000000]
rectification_matrix:
  rows: 3
  cols: 3
  data: [1.000000, 0.000000, 0.000000, 0.000000, 1.000000, 0.000000, 0.000000, 0.000000, 1.000000]
projection_matrix:
  rows: 3
  cols: 4
  data: [513.525208, 0.000000, 316.796285, 0.000000, 0.000000, 513.798889, 245.407151, 0.000000, 0.000000, 0.000000, 1.000000, 0.000000]
