ip_address: 192.168.0.10
ip_port: 10940
publish_intensity: true
angle_min: -2.35619449
angle_max: 2.35619449
cluster: 1
skip: 0
